30.95 -116.32
31.23 -116.38
31.54 -116.69
31.76 -116.62
31.96 -116.83
32.51 -117.14
32.57 -117.14
32.66 -117.17
32.69 -117.26
32.78 -117.26
32.83 -117.28
32.85 -117.24
33.12 -117.33
33.27 -117.52
33.37 -117.59
33.45 -117.68
33.49 -117.74
33.70 -118.05
33.77 -118.38
33.82 -118.40
33.93 -118.46
34.01 -118.51
34.02 -118.84
34.04 -118.97
34.06 -119.11
34.14 -119.22
34.26 -119.28
34.32 -119.40
34.34 -119.44
34.41 -119.67
34.42 -119.92
34.43 -120.46
34.51 -120.66
34.56 -120.64
34.70 -120.61
34.75 -120.64
34.85 -120.61
34.90 -120.66
35.12 -120.64
35.15 -120.75
35.21 -120.88
35.36 -120.87
35.45 -121.01
35.58 -121.16
35.62 -121.17
35.65 -121.29
35.77 -121.33
35.83 -121.44
35.87 -121.46
35.99 -121.51
36.01 -121.58
36.13 -121.65
36.20 -121.75
36.25 -121.86
36.30 -121.90
36.51 -121.99
36.56 -121.97
36.63 -121.94
36.66 -121.83
36.78 -121.82
36.81 -121.80
36.91 -121.85
36.93 -121.88 
36.94 -122.02
36.97 -122.15
37.07 -122.27
37.12 -122.34
37.17 -122.40
37.24 -122.42
37.35 -122.41
37.45 -122.49
37.51 -122.51
37.77 -122.54
37.86 -122.71
38.01 -122.91
38.07 -122.97
38.22 -122.98
38.28 -123.00
38.29 -123.06
38.32 -123.09
38.36 -123.08
38.41 -123.13
38.49 -123.26
38.56 -123.34
38.66 -123.44
38.78 -123.59
38.84 -123.68
38.91 -123.74
38.97 -123.75
39.01 -123.70
39.10 -123.73
39.19 -123.78
39.35 -123.83
39.45 -123.82
39.56 -123.78
39.64 -123.79
39.73 -123.83
39.82 -123.86
39.90 -123.94
40.00 -124.05
40.05 -124.08
40.16 -124.24
40.24 -124.36
40.33 -124.37
40.44 -124.41
40.53 -124.37
40.75 -124.23
40.92 -124.14
41.03 -124.14
41.10 -124.18
41.19 -124.13
41.32 -124.10
41.49 -124.08
41.63 -124.14
41.72 -124.17
41.76 -124.26
41.82 -124.23
41.92 -124.22
42.01 -124.25
42.07 -124.36
42.20 -124.41
42.36 -124.44
42.48 -124.49
42.62 -124.41
42.71 -124.48
42.76 -124.53
42.81 -124.56
42.89 -124.53
43.07 -124.44
43.27 -124.39
43.36 -124.34
43.66 -124.22
44.00 -124.15
44.54 -124.09
44.77 -124.08
44.85 -124.05
45.08 -124.02
45.16 -123.98
45.32 -123.98
45.44 -123.98
45.71 -123.95
45.76 -123.99
45.87 -123.97
45.96 -124.00
46.02 -123.95
46.21 -124.02
46.23 -124.08
46.30 -124.09
46.66 -124.09
46.68 -124.12
46.78 -124.12
46.88 -124.16
47.26 -124.25
47.30 -124.29
47.38 -124.35
47.73 -124.44
47.75 -124.50
47.81 -124.53
47.86 -124.64
47.92 -124.69
48.08 -124.72
48.18 -124.78
48.22 -124.73
48.32 -124.71
48.39 -124.76
48.60 -124.76
48.70 -125.11
48.72 -125.17
48.80 -125.26
48.84 -125.37
48.89 -125.46
48.92 -125.57
49.05 -125.75
49.06 -125.87
49.16 -126.08
49.27 -126.23
49.38 -126.35
49.39 -126.59
49.55 -126.59
49.60 -126.84
49.75 -126.99
49.80 -127.07
49.85 -127.18
49.96 -127.31
50.01 -127.46
50.06 -127.76
50.11 -127.94
50.22 -127.81
50.32 -127.99
50.44 -128.06
50.58 -128.26
50.63 -128.34
50.78 -128.44
50.94 -127.88
51.01 -127.60
51.14 -127.79
51.28 -127.84
51.42 -127.96
51.47 -128.11
51.70 -128.17
51.81 -128.28
51.93 -128.32
52.02 -128.35
52.24 -128.70
52.41 -129.00
52.71 -129.31
53.56 -130.60
54.02 -130.71
